Affichage CFC :
CFC(1)=[1	2	5	3	10	4	16	9	17	15	18	19]
CFC(2)=[2	1	3	5	4	10	9	16	15	17	19	18]
CFC(3)=[3	2	4	1	9	5	15	10	19	16	18	17]
CFC(4)=[4	3	9	2	15	1	19	5	18	10	17	16]
CFC(5)=[5	1	10	2	16	3	17	4	18	9	19	15]
CFC(6)=[6	7	13	12	14	8]
CFC(7)=[7	13	12	14	6	8]
CFC(8)=[8	7	13	12	14	6]
CFC(9)=[9	15	19	18	17	16	10	5	1	2	3	4]
CFC(10)=[10	5	16	1	17	2	18	3	19	4	15	9]
CFC(11)=[11]
CFC(12)=[12	6	7	13	14	8]
CFC(13)=[13	12	14	6	8	7]
CFC(14)=[14	8	7	13	12	6]
CFC(15)=[15	9	19	18	17	16	10	5	1	2	3	4]
CFC(16)=[16	10	17	5	18	1	19	2	15	3	9	4]
CFC(17)=[17	16	18	10	19	5	15	1	9	2	3	4]
CFC(18)=[18	17	19	16	15	10	9	5	1	2	3	4]
CFC(19)=[19	15	18	9	17	16	10	5	1	2	3	4]


Affichage Graphe reduit :
CFC(1) = CFC(2) = CFC(5) = CFC(3) = CFC(10) = CFC(4) = CFC(16) = CFC(9) = CFC(17) = CFC(15) = CFC(18) = CFC(19) = [1	2	5	3	10	4	16	9	17	15	18	19]
CFC(6) = CFC(7) = CFC(13) = CFC(12) = CFC(14) = CFC(8) = [6	7	13	12	14	8]
CFC(11) = [11]

Connexite du Graphe :
le graphe n'est pas connexe, car il contient au moins deux CFC differentes